HPS_Run2021Pass2FEE
1 module_L1t_halfmodule_axial_sensor0 o ( 1.1565514609338976 7.876275502193354 38.380764176862954 ) u ( 6.132518538121134E-17 0.9999999231680011 -3.919999899602201E-4 ) v ( 0.9995369426714746 -1.1928014353555723E-5 -0.0304286064860657 ) w ( 0.030428608823956538 3.918184714920852E-4 0.9995368658750533 ) a ( 3.141200653589794 -0.030433306424175598 -1.5707963267948968 ) 15.0 7.2625 37.92148817964488 38.840040174081025 
2 module_L1t_halfmodule_stereo_sensor0 o ( 2.175745723258956 7.848654605882161 45.94786691922337 ) u ( -0.09978718805161803 -0.9950028980154402 0.0034278333721052437 ) v ( -0.9945434213073806 0.09984527740039234 0.030237455498917893 ) w ( 0.03042860882395637 3.918184714922128E-4 0.9995368658750532 ) a ( 3.1412006535897934 -0.030433306424175424 1.6707963267948966 ) 15.0 7.2625 45.46941044687469 46.426323391572055 
3 module_L2t_halfmodule_axial_sensor0 o ( 2.42809766646387 8.07461739403799 88.3651445530229 ) u ( 6.132518538121134E-17 0.9999999231680011 -3.919999899602201E-4 ) v ( 0.9995369426714746 -1.1928014353555723E-5 -0.0304286064860657 ) w ( 0.030428608823956538 3.918184714920852E-4 0.9995368658750533 ) a ( 3.141200653589794 -0.030433306424175598 -1.5707963267948968 ) 15.0 7.2625 87.90586855580483 88.82442055024097 
4 module_L2t_halfmodule_stereo_sensor0 o ( 3.4448811701127937 8.099278216849806 95.93230019097055 ) u ( -0.09978718805161803 -0.9950028980154402 0.0034278333721052437 ) v ( -0.9945434213073806 0.09984527740039234 0.030237455498917893 ) w ( 0.03042860882395637 3.918184714922128E-4 0.9995368658750532 ) a ( 3.1412006535897934 -0.030433306424175424 1.6707963267948966 ) 15.0 7.2625 95.45384371862187 96.41075666331923 
5 module_L3t_halfmodule_axial_sensor0 o ( 5.720842784527399 21.517488229351073 188.30596974138524 ) u ( 6.132518538121134E-17 0.999999923168001 -3.9199998996022005E-4 ) v ( 0.9995369426714746 -1.1928014353555723E-5 -0.0304286064860657 ) w ( 0.030428608823956534 3.9181847149208517E-4 0.9995368658750532 ) a ( 3.141200653589794 -0.030433306424175594 -1.5707963267948963 ) 100.0 23.585 185.25386377301547 191.358075709755 
6 module_L3t_halfmodule_stereo_sensor0 o ( 5.947386684313262 21.5186468410859 195.6684857040995 ) u ( 0.0997871880516179 0.99500289801544 -0.003427833372105689 ) v ( 0.9945434213073805 -0.09984527740039223 -0.03023745549891796 ) w ( 0.03042860882395649 3.9181847149265237E-4 0.9995368658750531 ) a ( 3.141200653589793 -0.030433306424175542 -1.470796326794897 ) 100.0 23.585 192.5638947041266 198.77307670407242 
7 module_L4t_halfmodule_axial_sensor0 o ( 8.763703666923043 22.99552696595004 288.259092296961 ) u ( 6.132518538121134E-17 0.999999923168001 -3.9199998996022005E-4 ) v ( 0.9995369426714746 -1.1928014353555723E-5 -0.0304286064860657 ) w ( 0.030428608823956534 3.9181847149208517E-4 0.9995368658750532 ) a ( 3.141200653589794 -0.030433306424175594 -1.5707963267948963 ) 100.0 23.585 285.2069863285912 291.3111982653308 
8 module_L4t_halfmodule_stereo_sensor0 o ( 8.987427580774568 22.995679793703804 295.6216945019506 ) u ( 0.0997871880516179 0.99500289801544 -0.003427833372105689 ) v ( 0.9945434213073805 -0.09984527740039223 -0.03023745549891796 ) w ( 0.03042860882395649 3.9181847149265237E-4 0.9995368658750531 ) a ( 3.141200653589793 -0.030433306424175542 -1.470796326794897 ) 100.0 23.585 292.5171035019778 298.7262855019235 
9 module_L5t_halfmodule_axial_hole_sensor0 o ( -35.58899355573814 26.541845999999968 489.7025329781177 ) u ( 2.8318332109295406E-16 1.0000000000000002 3.3712097971010635E-16 ) v ( 0.9995354202008792 -2.727767915073409E-16 -0.030478578770211706 ) w ( 0.0304785787702117 -3.4559538527141497E-16 0.9995354202008792 ) a ( -3.141592653589793 -0.030483299558163965 -1.5707963267948963 ) 50.0 20.17 488.1786040396071 491.2264619166283 
10 module_L5t_halfmodule_stereo_hole_sensor0 o ( -35.311201159125645 29.154000188087416 497.06348601075706 ) u ( 0.049955949958258535 0.9987502603949663 -0.0015232940474861208 ) v ( 0.99828626119962 -0.04997916927067853 -0.030440488483217433 ) w ( 0.030478578770211703 1.0757288488873526E-18 0.9995354202008792 ) a ( -3.141592653589793 -0.03048329955816396 -1.5207963267948963 ) 50.0 20.17 495.5107367456584 498.61623527585573 
11 module_L6t_halfmodule_axial_hole_sensor0 o ( -29.493277801695797 29.474633999999913 689.6096170182935 ) u ( 2.8318332109295406E-16 1.0000000000000002 3.3712097971010635E-16 ) v ( 0.9995354202008792 -2.727767915073409E-16 -0.030478578770211706 ) w ( 0.0304785787702117 -3.4559538527141497E-16 0.9995354202008792 ) a ( -3.141592653589793 -0.030483299558163965 -1.5707963267948963 ) 50.0 20.17 688.0856880797829 691.1335459568041 
12 module_L6t_halfmodule_stereo_hole_sensor0 o ( -29.21635239059482 32.10353887731821 696.9705964877011 ) u ( 0.049955949958258535 0.9987502603949663 -0.0015232940474861208 ) v ( 0.99828626119962 -0.04997916927067853 -0.030440488483217433 ) w ( 0.030478578770211703 1.0757288488873526E-18 0.9995354202008792 ) a ( -3.141592653589793 -0.03048329955816396 -1.5207963267948963 ) 50.0 20.17 695.4178472226024 698.5233457527997 
13 module_L7t_halfmodule_axial_hole_sensor0 o ( -23.39756204765345 32.402699999999854 889.5167010584695 ) u ( 2.8318332109295406E-16 1.0000000000000002 3.3712097971010635E-16 ) v ( 0.9995354202008792 -2.727767915073409E-16 -0.030478578770211706 ) w ( 0.0304785787702117 -3.4559538527141497E-16 0.9995354202008792 ) a ( -3.141592653589793 -0.030483299558163965 -1.5707963267948963 ) 50.0 20.17 887.9927721199589 891.0406299969801 
14 module_L7t_halfmodule_stereo_hole_sensor0 o ( -23.127842282774466 34.93663213975878 896.8779002478104 ) u ( 0.049955949958258535 0.9987502603949663 -0.0015232940474861208 ) v ( 0.99828626119962 -0.04997916927067853 -0.030440488483217433 ) w ( 0.030478578770211703 1.0757288488873526E-18 0.9995354202008792 ) a ( -3.141592653589793 -0.03048329955816396 -1.5207963267948963 ) 50.0 20.17 895.3251509827118 898.4306495129091 
1 module_L1t_halfmodule_axial_sensor0 o ( 1.1565514609338976 7.876275502193354 38.380764176862954 ) u ( 6.132518538121134E-17 0.9999999231680011 -3.919999899602201E-4 ) v ( 0.9995369426714746 -1.1928014353555723E-5 -0.0304286064860657 ) w ( 0.030428608823956538 3.918184714920852E-4 0.9995368658750533 ) a ( 3.141200653589794 -0.030433306424175598 -1.5707963267948968 ) 15.0 7.2625 37.92148817964488 38.840040174081025 
2 module_L1t_halfmodule_stereo_sensor0 o ( 2.175745723258956 7.848654605882161 45.94786691922337 ) u ( -0.09978718805161803 -0.9950028980154402 0.0034278333721052437 ) v ( -0.9945434213073806 0.09984527740039234 0.030237455498917893 ) w ( 0.03042860882395637 3.918184714922128E-4 0.9995368658750532 ) a ( 3.1412006535897934 -0.030433306424175424 1.6707963267948966 ) 15.0 7.2625 45.46941044687469 46.426323391572055 
3 module_L2t_halfmodule_axial_sensor0 o ( 2.42809766646387 8.07461739403799 88.3651445530229 ) u ( 6.132518538121134E-17 0.9999999231680011 -3.919999899602201E-4 ) v ( 0.9995369426714746 -1.1928014353555723E-5 -0.0304286064860657 ) w ( 0.030428608823956538 3.918184714920852E-4 0.9995368658750533 ) a ( 3.141200653589794 -0.030433306424175598 -1.5707963267948968 ) 15.0 7.2625 87.90586855580483 88.82442055024097 
4 module_L2t_halfmodule_stereo_sensor0 o ( 3.4448811701127937 8.099278216849806 95.93230019097055 ) u ( -0.09978718805161803 -0.9950028980154402 0.0034278333721052437 ) v ( -0.9945434213073806 0.09984527740039234 0.030237455498917893 ) w ( 0.03042860882395637 3.918184714922128E-4 0.9995368658750532 ) a ( 3.1412006535897934 -0.030433306424175424 1.6707963267948966 ) 15.0 7.2625 95.45384371862187 96.41075666331923 
5 module_L3t_halfmodule_axial_sensor0 o ( 5.720842784527399 21.517488229351073 188.30596974138524 ) u ( 6.132518538121134E-17 0.999999923168001 -3.9199998996022005E-4 ) v ( 0.9995369426714746 -1.1928014353555723E-5 -0.0304286064860657 ) w ( 0.030428608823956534 3.9181847149208517E-4 0.9995368658750532 ) a ( 3.141200653589794 -0.030433306424175594 -1.5707963267948963 ) 100.0 23.585 185.25386377301547 191.358075709755 
6 module_L3t_halfmodule_stereo_sensor0 o ( 5.947386684313262 21.5186468410859 195.6684857040995 ) u ( 0.0997871880516179 0.99500289801544 -0.003427833372105689 ) v ( 0.9945434213073805 -0.09984527740039223 -0.03023745549891796 ) w ( 0.03042860882395649 3.9181847149265237E-4 0.9995368658750531 ) a ( 3.141200653589793 -0.030433306424175542 -1.470796326794897 ) 100.0 23.585 192.5638947041266 198.77307670407242 
7 module_L4t_halfmodule_axial_sensor0 o ( 8.763703666923043 22.99552696595004 288.259092296961 ) u ( 6.132518538121134E-17 0.999999923168001 -3.9199998996022005E-4 ) v ( 0.9995369426714746 -1.1928014353555723E-5 -0.0304286064860657 ) w ( 0.030428608823956534 3.9181847149208517E-4 0.9995368658750532 ) a ( 3.141200653589794 -0.030433306424175594 -1.5707963267948963 ) 100.0 23.585 285.2069863285912 291.3111982653308 
8 module_L4t_halfmodule_stereo_sensor0 o ( 8.987427580774568 22.995679793703804 295.6216945019506 ) u ( 0.0997871880516179 0.99500289801544 -0.003427833372105689 ) v ( 0.9945434213073805 -0.09984527740039223 -0.03023745549891796 ) w ( 0.03042860882395649 3.9181847149265237E-4 0.9995368658750531 ) a ( 3.141200653589793 -0.030433306424175542 -1.470796326794897 ) 100.0 23.585 292.5171035019778 298.7262855019235 
9 module_L5t_halfmodule_axial_slot_sensor0 o ( 65.35448834451672 26.52838999999997 486.6244891166825 ) u ( 2.8311050327164425E-16 -1.0000000000000002 -1.3224102262875114E-16 ) v ( -0.9995354202008792 -2.87009494275749E-16 0.03047857877021176 ) w ( 0.030478578770211755 -1.2355078034638364E-16 0.9995354202008792 ) a ( -3.141592653589793 -0.03048329955816402 1.5707963267948963 ) 50.0 20.17 485.1005601781719 488.14841805519313 
10 module_L5t_halfmodule_stereo_slot_sensor0 o ( 65.53367464410105 24.15831247094707 493.9884489199022 ) u ( -0.049955949958257986 -0.9987502603949662 0.001523294047485877 ) v ( -0.99828626119962 0.049979169270677984 0.030440488483217332 ) w ( 0.03047857877021159 -2.211058222423012E-16 0.999535420200879 ) a ( -3.141592653589793 -0.030483299558163854 1.6207963267948962 ) 50.0 20.17 492.43569965480356 495.5411981850009 
11 module_L6t_halfmodule_axial_slot_sensor0 o ( 71.45020409855907 29.494110999999915 686.5315731568584 ) u ( 2.8311050327164425E-16 -1.0000000000000002 -1.3224102262875114E-16 ) v ( -0.9995354202008792 -2.87009494275749E-16 0.03047857877021176 ) w ( 0.030478578770211755 -1.2355078034638364E-16 0.9995354202008792 ) a ( -3.141592653589793 -0.03048329955816402 1.5707963267948963 ) 50.0 20.17 685.0076442183478 688.055502095369 
12 module_L6t_halfmodule_stereo_slot_sensor0 o ( 71.6273586896586 27.084565297856752 693.895594912447 ) u ( -0.049955949958257986 -0.9987502603949662 0.001523294047485877 ) v ( -0.99828626119962 0.049979169270677984 0.030440488483217332 ) w ( 0.03047857877021159 -2.211058222423012E-16 0.999535420200879 ) a ( -3.141592653589793 -0.030483299558163854 1.6207963267948962 ) 50.0 20.17 692.3428456473483 695.4483441775457 
13 module_L7t_halfmodule_axial_slot_sensor0 o ( 77.54591985260141 32.43682599999986 886.4386571970343 ) u ( 2.8311050327164425E-16 -1.0000000000000002 -1.3224102262875114E-16 ) v ( -0.9995354202008792 -2.87009494275749E-16 0.03047857877021176 ) w ( 0.030478578770211755 -1.2355078034638364E-16 0.9995354202008792 ) a ( -3.141592653589793 -0.03048329955816402 1.5707963267948963 ) 50.0 20.17 884.9147282585237 887.9625861355449 
14 module_L7t_halfmodule_stereo_slot_sensor0 o ( 77.71618736657184 29.924027590707862 893.8028889585102 ) u ( -0.049955949958257986 -0.9987502603949662 0.001523294047485877 ) v ( -0.99828626119962 0.049979169270677984 0.030440488483217332 ) w ( 0.03047857877021159 -2.211058222423012E-16 0.999535420200879 ) a ( -3.141592653589793 -0.030483299558163854 1.6207963267948962 ) 50.0 20.17 892.2501396934115 895.3556382236088 
1 module_L1b_halfmodule_stereo_sensor0 o ( 2.385024681923511 -7.754181868972397 53.890632747480936 ) u ( 0.09978686215305792 -0.9950074514127364 -0.0016594501431508374 ) v ( -0.9945401731923114 -0.09979090457312514 0.030522438812858516 ) w ( 0.03053565208496256 0.0013953485616206174 0.9995327042944306 ) a ( 3.140196653589794 -0.030540399450088296 1.4707963267948965 ) 15.0 7.2625 53.42074440862343 54.360521086338444 
2 module_L1b_halfmodule_axial_sensor0 o ( 1.8596379703216002 -7.868322240732926 61.50499319685872 ) u ( -2.830851872359652E-16 0.9999990255921583 -0.0013959995465756862 ) v ( 0.999533678247885 -4.262775646471745E-5 -0.030535622330783548 ) w ( 0.03053565208496239 0.0013953485616211834 0.9995327042944305 ) a ( 3.140196653589793 -0.030540399450088115 -1.5707963267948966 ) 15.0 7.2625 61.036820415189965 61.973165978527476 
3 module_L2b_halfmodule_stereo_sensor0 o ( 3.6672634616034827 -8.168650212703676 103.8754147519966 ) u ( 0.09978686215305792 -0.9950074514127364 -0.0016594501431508374 ) v ( -0.9945401731923114 -0.09979090457312514 0.030522438812858516 ) w ( 0.03053565208496256 0.0013953485616206174 0.9995327042944306 ) a ( 3.140196653589794 -0.030540399450088296 1.4707963267948965 ) 15.0 7.2625 103.40552641313909 104.34530309085412 
4 module_L2b_halfmodule_axial_sensor0 o ( 3.1365371550077583 -8.273756692661497 111.48992571429548 ) u ( -2.830851872359652E-16 0.9999990255921583 -0.0013959995465756862 ) v ( 0.999533678247885 -4.262775646471745E-5 -0.030535622330783548 ) w ( 0.03053565208496239 0.0013953485616211834 0.9995327042944305 ) a ( 3.140196653589793 -0.030540399450088115 -1.5707963267948966 ) 15.0 7.2625 111.02175293262673 111.95809849596424 
5 module_L3b_halfmodule_stereo_sensor0 o ( 6.211338618784151 -21.588951691502295 204.0918864833513 ) u ( -0.09978686215305756 0.9950074514127363 0.001659450143151022 ) v ( 0.9945401731923115 0.09979090457312481 -0.03052243881285822 ) w ( 0.030535652084962284 0.0013953485616203937 0.9995327042944304 ) a ( 3.140196653589794 -0.030540399450088015 -1.6707963267948964 ) 100.0 23.585 201.00050447043927 207.1832684962633 
6 module_L3b_halfmodule_axial_sensor0 o ( 6.439985783065978 -21.585033386859887 211.4543395684009 ) u ( -2.830851872359652E-16 0.9999990255921581 -0.001395999546575686 ) v ( 0.999533678247885 -4.262775646471745E-5 -0.030535622330783548 ) w ( 0.030535652084962388 0.0013953485616211832 0.9995327042944304 ) a ( 3.140196653589793 -0.030540399450088122 -1.5707963267948968 ) 100.0 23.585 208.36785268601656 214.54082645078526 
7 module_L4b_halfmodule_stereo_sensor0 o ( 9.263458813729567 -22.97578063109404 304.0473318630972 ) u ( -0.09978686215305756 0.9950074514127363 0.001659450143151022 ) v ( 0.9945401731923115 0.09979090457312481 -0.03052243881285822 ) w ( 0.030535652084962284 0.0013953485616203937 0.9995327042944304 ) a ( 3.140196653589794 -0.030540399450088015 -1.6707963267948964 ) 100.0 23.585 300.95594985018516 307.13871387600926 
8 module_L4b_halfmodule_axial_sensor0 o ( 9.49355099156223 -23.01088900536757 311.40979528436617 ) u ( -2.830851872359652E-16 0.9999990255921581 -0.001395999546575686 ) v ( 0.999533678247885 -4.262775646471745E-5 -0.030535622330783548 ) w ( 0.030535652084962388 0.0013953485616211832 0.9995327042944304 ) a ( 3.140196653589793 -0.030540399450088122 -1.5707963267948968 ) 100.0 23.585 308.3233084019818 314.4962821667505 
9 module_L5b_halfmodule_stereo_hole_sensor0 o ( -35.05421715639193 -29.19418400000005 505.5679846663162 ) u ( -0.049955949958258535 0.9987502603949663 0.0015232940474866866 ) v ( 0.99828626119962 0.049979169270678546 -0.030440488483217405 ) w ( 0.030478578770211703 -5.673664091213872E-16 0.9995354202008792 ) a ( -3.1415926535897927 -0.030483299558163965 -1.620796326794897 ) 50.0 20.17 504.0152354012175 507.12073393141486 
10 module_L5b_halfmodule_axial_hole_sensor0 o ( -34.88048834451675 -26.654184000000054 512.9321108833175 ) u ( -2.83183321092954E-16 1.0000000000000002 2.2943291005469156E-16 ) v ( 0.9995354202008792 2.900445488641071E-16 -0.030478578770211706 ) w ( 0.0304785787702117 -2.2069529500108488E-16 0.9995354202008792 ) a ( -3.141592653589793 -0.030483299558163958 -1.5707963267948968 ) 50.0 20.17 511.40818194480687 514.4560398218281 
11 module_L6b_halfmodule_stereo_hole_sensor0 o ( -28.958195721891784 -32.18203835284347 705.4750593854559 ) u ( -0.049955949958258535 0.9987502603949663 0.0015232940474866866 ) v ( 0.99828626119962 0.049979169270678546 -0.030440488483217405 ) w ( 0.030478578770211703 -5.673664091213872E-16 0.9995354202008792 ) a ( -3.1415926535897927 -0.030483299558163965 -1.620796326794897 ) 50.0 20.17 703.9223101203572 707.0278086505546 
12 module_L6b_halfmodule_axial_hole_sensor0 o ( -28.784772590474404 -29.75267600000012 712.8391949234933 ) u ( -2.83183321092954E-16 1.0000000000000002 2.2943291005469156E-16 ) v ( 0.9995354202008792 2.900445488641071E-16 -0.030478578770211706 ) w ( 0.0304785787702117 -2.2069529500108488E-16 0.9995354202008792 ) a ( -3.141592653589793 -0.030483299558163958 -1.5707963267948968 ) 50.0 20.17 711.3152659849827 714.3631238620039 
13 module_L7b_halfmodule_stereo_hole_sensor0 o ( -22.864402072980056 -35.10855343782456 905.3822020358933 ) u ( -0.049955949958258535 0.9987502603949663 0.0015232940474866866 ) v ( 0.99828626119962 0.049979169270678546 -0.030440488483217405 ) w ( 0.030478578770211703 -5.673664091213872E-16 0.9995354202008792 ) a ( -3.1415926535897927 -0.030483299558163965 -1.620796326794897 ) 50.0 20.17 903.8294527707947 906.934951300992 
14 module_L7b_halfmodule_axial_hole_sensor0 o ( -22.689056836432087 -32.836176000000165 912.746278963669 ) u ( -2.83183321092954E-16 1.0000000000000002 2.2943291005469156E-16 ) v ( 0.9995354202008792 2.900445488641071E-16 -0.030478578770211706 ) w ( 0.0304785787702117 -2.2069529500108488E-16 0.9995354202008792 ) a ( -3.141592653589793 -0.030483299558163958 -1.5707963267948968 ) 50.0 20.17 911.2223500251584 914.2702079021797 
1 module_L1b_halfmodule_stereo_sensor0 o ( 2.385024681923511 -7.754181868972397 53.890632747480936 ) u ( 0.09978686215305792 -0.9950074514127364 -0.0016594501431508374 ) v ( -0.9945401731923114 -0.09979090457312514 0.030522438812858516 ) w ( 0.03053565208496256 0.0013953485616206174 0.9995327042944306 ) a ( 3.140196653589794 -0.030540399450088296 1.4707963267948965 ) 15.0 7.2625 53.42074440862343 54.360521086338444 
2 module_L1b_halfmodule_axial_sensor0 o ( 1.8596379703216002 -7.868322240732926 61.50499319685872 ) u ( -2.830851872359652E-16 0.9999990255921583 -0.0013959995465756862 ) v ( 0.999533678247885 -4.262775646471745E-5 -0.030535622330783548 ) w ( 0.03053565208496239 0.0013953485616211834 0.9995327042944305 ) a ( 3.140196653589793 -0.030540399450088115 -1.5707963267948966 ) 15.0 7.2625 61.036820415189965 61.973165978527476 
3 module_L2b_halfmodule_stereo_sensor0 o ( 3.6672634616034827 -8.168650212703676 103.8754147519966 ) u ( 0.09978686215305792 -0.9950074514127364 -0.0016594501431508374 ) v ( -0.9945401731923114 -0.09979090457312514 0.030522438812858516 ) w ( 0.03053565208496256 0.0013953485616206174 0.9995327042944306 ) a ( 3.140196653589794 -0.030540399450088296 1.4707963267948965 ) 15.0 7.2625 103.40552641313909 104.34530309085412 
4 module_L2b_halfmodule_axial_sensor0 o ( 3.1365371550077583 -8.273756692661497 111.48992571429548 ) u ( -2.830851872359652E-16 0.9999990255921583 -0.0013959995465756862 ) v ( 0.999533678247885 -4.262775646471745E-5 -0.030535622330783548 ) w ( 0.03053565208496239 0.0013953485616211834 0.9995327042944305 ) a ( 3.140196653589793 -0.030540399450088115 -1.5707963267948966 ) 15.0 7.2625 111.02175293262673 111.95809849596424 
5 module_L3b_halfmodule_stereo_sensor0 o ( 6.211338618784151 -21.588951691502295 204.0918864833513 ) u ( -0.09978686215305756 0.9950074514127363 0.001659450143151022 ) v ( 0.9945401731923115 0.09979090457312481 -0.03052243881285822 ) w ( 0.030535652084962284 0.0013953485616203937 0.9995327042944304 ) a ( 3.140196653589794 -0.030540399450088015 -1.6707963267948964 ) 100.0 23.585 201.00050447043927 207.1832684962633 
6 module_L3b_halfmodule_axial_sensor0 o ( 6.439985783065978 -21.585033386859887 211.4543395684009 ) u ( -2.830851872359652E-16 0.9999990255921581 -0.001395999546575686 ) v ( 0.999533678247885 -4.262775646471745E-5 -0.030535622330783548 ) w ( 0.030535652084962388 0.0013953485616211832 0.9995327042944304 ) a ( 3.140196653589793 -0.030540399450088122 -1.5707963267948968 ) 100.0 23.585 208.36785268601656 214.54082645078526 
7 module_L4b_halfmodule_stereo_sensor0 o ( 9.263458813729567 -22.97578063109404 304.0473318630972 ) u ( -0.09978686215305756 0.9950074514127363 0.001659450143151022 ) v ( 0.9945401731923115 0.09979090457312481 -0.03052243881285822 ) w ( 0.030535652084962284 0.0013953485616203937 0.9995327042944304 ) a ( 3.140196653589794 -0.030540399450088015 -1.6707963267948964 ) 100.0 23.585 300.95594985018516 307.13871387600926 
8 module_L4b_halfmodule_axial_sensor0 o ( 9.49355099156223 -23.01088900536757 311.40979528436617 ) u ( -2.830851872359652E-16 0.9999990255921581 -0.001395999546575686 ) v ( 0.999533678247885 -4.262775646471745E-5 -0.030535622330783548 ) w ( 0.030535652084962388 0.0013953485616211832 0.9995327042944304 ) a ( 3.140196653589793 -0.030540399450088122 -1.5707963267948968 ) 100.0 23.585 308.3233084019818 314.4962821667505 
9 module_L5b_halfmodule_stereo_slot_sensor0 o ( 65.789292801207 -24.171189451990237 502.49298922384395 ) u ( 0.049955949958257986 -0.9987502603949662 -0.0015232940474866677 ) v ( -0.99828626119962 -0.049979169270678005 0.030440488483217402 ) w ( 0.03047857877021171 -5.644441243195516E-16 0.999535420200879 ) a ( -3.1415926535897927 -0.030483299558163958 1.5207963267948967 ) 50.0 20.17 500.9402399587453 504.0457384889426 
10 module_L5b_halfmodule_axial_slot_sensor0 o ( 66.06299355573815 -26.790875000000053 509.8540670218822 ) u ( -2.8311050327164425E-16 -1.0000000000000002 -4.343128671360468E-16 ) v ( -0.9995354202008792 2.697417369189828E-16 0.03047857877021176 ) w ( 0.030478578770211755 -4.427398999261162E-16 0.9995354202008792 ) a ( -3.1415926535897927 -0.030483299558164013 1.5707963267948968 ) 50.0 20.17 508.3301380833716 511.3779959603928 
11 module_L6b_halfmodule_stereo_slot_sensor0 o ( 71.88423893388425 -27.137545705478658 702.4000967318879 ) u ( 0.049955949958257986 -0.9987502603949662 -0.0015232940474866677 ) v ( -0.99828626119962 -0.049979169270678005 0.030440488483217402 ) w ( 0.03047857877021171 -5.644441243195516E-16 0.999535420200879 ) a ( -3.1415926535897927 -0.030483299558163958 1.5207963267948967 ) 50.0 20.17 700.8473474667892 703.9528459969865 
12 module_L6b_halfmodule_axial_slot_sensor0 o ( 72.15870930978049 -29.76380300000012 709.761151062058 ) u ( -2.8311050327164425E-16 -1.0000000000000002 -4.343128671360468E-16 ) v ( -0.9995354202008792 2.697417369189828E-16 0.03047857877021176 ) w ( 0.030478578770211755 -4.427398999261162E-16 0.9995354202008792 ) a ( -3.1415926535897927 -0.030483299558164013 1.5707963267948968 ) 50.0 20.17 708.2372221235474 711.2850800005687 
13 module_L7b_halfmodule_stereo_slot_sensor0 o ( 77.98011299833202 -30.1056537450539 902.3071759447448 ) u ( 0.049955949958257986 -0.9987502603949662 -0.0015232940474866677 ) v ( -0.99828626119962 -0.049979169270678005 0.030440488483217402 ) w ( 0.03047857877021171 -5.644441243195516E-16 0.999535420200879 ) a ( -3.1415926535897927 -0.030483299558163958 1.5207963267948967 ) 50.0 20.17 900.7544266796461 903.8599252098435 
14 module_L7b_halfmodule_axial_slot_sensor0 o ( 78.25442506382281 -32.84424400000017 909.6682351022339 ) u ( -2.8311050327164425E-16 -1.0000000000000002 -4.343128671360468E-16 ) v ( -0.9995354202008792 2.697417369189828E-16 0.03047857877021176 ) w ( 0.030478578770211755 -4.427398999261162E-16 0.9995354202008792 ) a ( -3.1415926535897927 -0.030483299558164013 1.5707963267948968 ) 50.0 20.17 908.1443061637233 911.1921640407445 
