HPS_Run2021Pass1Top
1 module_L1t_halfmodule_axial_sensor0 o ( 1.1565514609338976 7.722040514043537 38.3808246369814 ) u ( 6.132518538121134E-17 0.9999999231680011 -3.919999899602201E-4 ) v ( 0.9995369426714746 -1.1928014353555723E-5 -0.0304286064860657 ) w ( 0.030428608823956538 3.918184714920852E-4 0.9995368658750533 ) a ( 3.141200653589794 -0.030433306424175598 -1.5707963267948968 ) 15.0 7.2625 37.92154863976333 38.84010063419947 
2 module_L1t_halfmodule_stereo_sensor0 o ( 2.1667297512441195 7.707601107970853 45.948196682799676 ) u ( -0.09978718805161803 -0.9950028980154402 0.0034278333721052437 ) v ( -0.9945434213073806 0.09984527740039234 0.030237455498917893 ) w ( 0.03042860882395637 3.918184714922128E-4 0.9995368658750532 ) a ( 3.1412006535897934 -0.030433306424175424 1.6707963267948966 ) 15.0 7.2625 45.46974021045099 46.42665315514836 
3 module_L2t_halfmodule_axial_sensor0 o ( 2.42809766646387 7.952337403433002 88.36519248678167 ) u ( 6.132518538121134E-17 0.9999999231680011 -3.919999899602201E-4 ) v ( 0.9995369426714746 -1.1928014353555723E-5 -0.0304286064860657 ) w ( 0.030428608823956538 3.918184714920852E-4 0.9995368658750533 ) a ( 3.141200653589794 -0.030433306424175598 -1.5707963267948968 ) 15.0 7.2625 87.9059164895636 88.82446848399974 
4 module_L2t_halfmodule_stereo_sensor0 o ( 3.4390423223783273 7.9832806167173525 95.93252341236806 ) u ( -0.09978718805161803 -0.9950028980154402 0.0034278333721052437 ) v ( -0.9945434213073806 0.09984527740039234 0.030237455498917893 ) w ( 0.03042860882395637 3.918184714922128E-4 0.9995368658750532 ) a ( 3.1412006535897934 -0.030433306424175424 1.6707963267948966 ) 15.0 7.2625 95.45406694001937 96.41097988471674 
5 module_L3t_halfmodule_axial_sensor0 o ( 5.720842784527399 21.445667234869234 188.30599789521654 ) u ( 6.132518538121134E-17 0.999999923168001 -3.9199998996022005E-4 ) v ( 0.9995369426714746 -1.1928014353555723E-5 -0.0304286064860657 ) w ( 0.030428608823956534 3.9181847149208517E-4 0.9995368658750532 ) a ( 3.141200653589794 -0.030433306424175594 -1.5707963267948963 ) 100.0 23.585 185.25389192684676 191.3581038635863 
6 module_L3t_halfmodule_stereo_sensor0 o ( 5.946204605283615 21.447401041324365 195.66854961814107 ) u ( 0.0997871880516179 0.99500289801544 -0.003427833372105689 ) v ( 0.9945434213073805 -0.09984527740039223 -0.03023745549891796 ) w ( 0.03042860882395649 3.9181847149265237E-4 0.9995368658750531 ) a ( 3.141200653589793 -0.030433306424175542 -1.470796326794897 ) 100.0 23.585 192.56395861816816 198.77314061811398 
7 module_L4t_halfmodule_axial_sensor0 o ( 8.763703666923043 22.97104096783135 288.2591018954727 ) u ( 6.132518538121134E-17 0.999999923168001 -3.9199998996022005E-4 ) v ( 0.9995369426714746 -1.1928014353555723E-5 -0.0304286064860657 ) w ( 0.030428608823956534 3.9181847149208517E-4 0.9995368658750532 ) a ( 3.141200653589794 -0.030433306424175594 -1.5707963267948963 ) 100.0 23.585 285.2069959271029 291.3112078638425 
8 module_L4t_halfmodule_stereo_sensor0 o ( 8.987825631867711 22.966180862835404 295.62169394777897 ) u ( 0.0997871880516179 0.99500289801544 -0.003427833372105689 ) v ( 0.9945434213073805 -0.09984527740039223 -0.03023745549891796 ) w ( 0.03042860882395649 3.9181847149265237E-4 0.9995368658750531 ) a ( 3.141200653589793 -0.030433306424175542 -1.470796326794897 ) 100.0 23.585 292.5171029478061 298.7262849477518 
9 module_L5t_halfmodule_axial_hole_sensor0 o ( -34.12359466689003 26.609859999999973 489.6578489433543 ) u ( 2.8318332109295406E-16 1.0000000000000002 3.3712097971010635E-16 ) v ( 0.9995354202008792 -2.727767915073409E-16 -0.030478578770211706 ) w ( 0.0304785787702117 -3.4559538527141497E-16 0.9995354202008792 ) a ( -3.141592653589793 -0.030483299558163965 -1.5707963267948963 ) 50.0 20.17 488.1339200048437 491.1817778818649 
10 module_L5t_halfmodule_stereo_hole_sensor0 o ( -33.84831305632244 29.14985999999997 497.0188785367524 ) u ( 0.049955949958258535 0.9987502603949663 -0.0015232940474861208 ) v ( 0.99828626119962 -0.04997916927067853 -0.030440488483217433 ) w ( 0.030478578770211703 1.0757288488873526E-18 0.9995354202008792 ) a ( -3.141592653589793 -0.03048329955816396 -1.5207963267948963 ) 50.0 20.17 495.46612927165376 498.5716278018511 
11 module_L6t_halfmodule_axial_hole_sensor0 o ( -27.7572846838909 29.637282999999908 689.5566818226854 ) u ( 2.8318332109295406E-16 1.0000000000000002 3.3712097971010635E-16 ) v ( 0.9995354202008792 -2.727767915073409E-16 -0.030478578770211706 ) w ( 0.0304785787702117 -3.4559538527141497E-16 0.9995354202008792 ) a ( -3.141592653589793 -0.030483299558163965 -1.5707963267948963 ) 50.0 20.17 688.0327528841748 691.080610761196 
12 module_L6t_halfmodule_stereo_hole_sensor0 o ( -27.482003073323312 32.1772829999999 696.9177114160836 ) u ( 0.049955949958258535 0.9987502603949663 -0.0015232940474861208 ) v ( 0.99828626119962 -0.04997916927067853 -0.030440488483217433 ) w ( 0.030478578770211703 1.0757288488873526E-18 0.9995354202008792 ) a ( -3.141592653589793 -0.03048329955816396 -1.5207963267948963 ) 50.0 20.17 695.364962150985 698.4704606811823 
13 module_L7t_halfmodule_axial_hole_sensor0 o ( -23.56451444888961 32.66452299999985 889.5217918954814 ) u ( 2.8318332109295406E-16 1.0000000000000002 3.3712097971010635E-16 ) v ( 0.9995354202008792 -2.727767915073409E-16 -0.030478578770211706 ) w ( 0.0304785787702117 -3.4559538527141497E-16 0.9995354202008792 ) a ( -3.141592653589793 -0.030483299558163965 -1.5707963267948963 ) 50.0 20.17 887.9978629569708 891.045720833992 
14 module_L7t_halfmodule_stereo_hole_sensor0 o ( -23.28923283832202 35.20452299999985 896.8828214888796 ) u ( 0.049955949958258535 0.9987502603949663 -0.0015232940474861208 ) v ( 0.99828626119962 -0.04997916927067853 -0.030440488483217433 ) w ( 0.030478578770211703 1.0757288488873526E-18 0.9995354202008792 ) a ( -3.141592653589793 -0.03048329955816396 -1.5207963267948963 ) 50.0 20.17 895.3300722237809 898.4355707539783 
1 module_L1t_halfmodule_axial_sensor0 o ( 1.1565514609338976 7.722040514043537 38.3808246369814 ) u ( 6.132518538121134E-17 0.9999999231680011 -3.919999899602201E-4 ) v ( 0.9995369426714746 -1.1928014353555723E-5 -0.0304286064860657 ) w ( 0.030428608823956538 3.918184714920852E-4 0.9995368658750533 ) a ( 3.141200653589794 -0.030433306424175598 -1.5707963267948968 ) 15.0 7.2625 37.92154863976333 38.84010063419947 
2 module_L1t_halfmodule_stereo_sensor0 o ( 2.1667297512441195 7.707601107970853 45.948196682799676 ) u ( -0.09978718805161803 -0.9950028980154402 0.0034278333721052437 ) v ( -0.9945434213073806 0.09984527740039234 0.030237455498917893 ) w ( 0.03042860882395637 3.918184714922128E-4 0.9995368658750532 ) a ( 3.1412006535897934 -0.030433306424175424 1.6707963267948966 ) 15.0 7.2625 45.46974021045099 46.42665315514836 
3 module_L2t_halfmodule_axial_sensor0 o ( 2.42809766646387 7.952337403433002 88.36519248678167 ) u ( 6.132518538121134E-17 0.9999999231680011 -3.919999899602201E-4 ) v ( 0.9995369426714746 -1.1928014353555723E-5 -0.0304286064860657 ) w ( 0.030428608823956538 3.918184714920852E-4 0.9995368658750533 ) a ( 3.141200653589794 -0.030433306424175598 -1.5707963267948968 ) 15.0 7.2625 87.9059164895636 88.82446848399974 
4 module_L2t_halfmodule_stereo_sensor0 o ( 3.4390423223783273 7.9832806167173525 95.93252341236806 ) u ( -0.09978718805161803 -0.9950028980154402 0.0034278333721052437 ) v ( -0.9945434213073806 0.09984527740039234 0.030237455498917893 ) w ( 0.03042860882395637 3.918184714922128E-4 0.9995368658750532 ) a ( 3.1412006535897934 -0.030433306424175424 1.6707963267948966 ) 15.0 7.2625 95.45406694001937 96.41097988471674 
5 module_L3t_halfmodule_axial_sensor0 o ( 5.720842784527399 21.445667234869234 188.30599789521654 ) u ( 6.132518538121134E-17 0.999999923168001 -3.9199998996022005E-4 ) v ( 0.9995369426714746 -1.1928014353555723E-5 -0.0304286064860657 ) w ( 0.030428608823956534 3.9181847149208517E-4 0.9995368658750532 ) a ( 3.141200653589794 -0.030433306424175594 -1.5707963267948963 ) 100.0 23.585 185.25389192684676 191.3581038635863 
6 module_L3t_halfmodule_stereo_sensor0 o ( 5.946204605283615 21.447401041324365 195.66854961814107 ) u ( 0.0997871880516179 0.99500289801544 -0.003427833372105689 ) v ( 0.9945434213073805 -0.09984527740039223 -0.03023745549891796 ) w ( 0.03042860882395649 3.9181847149265237E-4 0.9995368658750531 ) a ( 3.141200653589793 -0.030433306424175542 -1.470796326794897 ) 100.0 23.585 192.56395861816816 198.77314061811398 
7 module_L4t_halfmodule_axial_sensor0 o ( 8.763703666923043 22.97104096783135 288.2591018954727 ) u ( 6.132518538121134E-17 0.999999923168001 -3.9199998996022005E-4 ) v ( 0.9995369426714746 -1.1928014353555723E-5 -0.0304286064860657 ) w ( 0.030428608823956534 3.9181847149208517E-4 0.9995368658750532 ) a ( 3.141200653589794 -0.030433306424175594 -1.5707963267948963 ) 100.0 23.585 285.2069959271029 291.3112078638425 
8 module_L4t_halfmodule_stereo_sensor0 o ( 8.987825631867711 22.966180862835404 295.62169394777897 ) u ( 0.0997871880516179 0.99500289801544 -0.003427833372105689 ) v ( 0.9945434213073805 -0.09984527740039223 -0.03023745549891796 ) w ( 0.03042860882395649 3.9181847149265237E-4 0.9995368658750531 ) a ( 3.141200653589793 -0.030433306424175542 -1.470796326794897 ) 100.0 23.585 292.5171029478061 298.7262849477518 
9 module_L5t_halfmodule_axial_slot_sensor0 o ( 66.81988723336484 26.609859999999973 486.57980508191906 ) u ( 2.8311050327164425E-16 -1.0000000000000002 -1.3224102262875114E-16 ) v ( -0.9995354202008792 -2.87009494275749E-16 0.03047857877021176 ) w ( 0.030478578770211755 -1.2355078034638364E-16 0.9995354202008792 ) a ( -3.141592653589793 -0.03048329955816402 1.5707963267948963 ) 50.0 20.17 485.05587614340845 488.10373402042967 
10 module_L5t_halfmodule_stereo_slot_sensor0 o ( 66.99361604524002 24.095259999999964 493.9439312989203 ) u ( -0.049955949958257986 -0.9987502603949662 0.001523294047485877 ) v ( -0.99828626119962 0.049979169270677984 0.030440488483217332 ) w ( 0.03047857877021159 -2.211058222423012E-16 0.999535420200879 ) a ( -3.141592653589793 -0.030483299558163854 1.6207963267948962 ) 50.0 20.17 492.3911820338216 495.49668056401896 
11 module_L6t_halfmodule_axial_slot_sensor0 o ( 73.18619721636396 29.637282999999908 686.4786379612502 ) u ( 2.8311050327164425E-16 -1.0000000000000002 -1.3224102262875114E-16 ) v ( -0.9995354202008792 -2.87009494275749E-16 0.03047857877021176 ) w ( 0.030478578770211755 -1.2355078034638364E-16 0.9995354202008792 ) a ( -3.141592653589793 -0.03048329955816402 1.5707963267948963 ) 50.0 20.17 684.9547090227396 688.0025668997608 
12 module_L6t_halfmodule_stereo_slot_sensor0 o ( 73.35992602823914 27.1226829999999 693.8427641782515 ) u ( -0.049955949958257986 -0.9987502603949662 0.001523294047485877 ) v ( -0.99828626119962 0.049979169270677984 0.030440488483217332 ) w ( 0.03047857877021159 -2.211058222423012E-16 0.999535420200879 ) a ( -3.141592653589793 -0.030483299558163854 1.6207963267948962 ) 50.0 20.17 692.2900149131528 695.3955134433502 
13 module_L7t_halfmodule_axial_slot_sensor0 o ( 77.37896745136526 32.66452299999986 886.4437480340463 ) u ( 2.8311050327164425E-16 -1.0000000000000002 -1.3224102262875114E-16 ) v ( -0.9995354202008792 -2.87009494275749E-16 0.03047857877021176 ) w ( 0.030478578770211755 -1.2355078034638364E-16 0.9995354202008792 ) a ( -3.141592653589793 -0.03048329955816402 1.5707963267948963 ) 50.0 20.17 884.9198190955357 887.9676769725569 
14 module_L7t_halfmodule_stereo_slot_sensor0 o ( 77.55269626324043 30.14992299999985 893.8078742510475 ) u ( -0.049955949958257986 -0.9987502603949662 0.001523294047485877 ) v ( -0.99828626119962 0.049979169270677984 0.030440488483217332 ) w ( 0.03047857877021159 -2.211058222423012E-16 0.999535420200879 ) a ( -3.141592653589793 -0.030483299558163854 1.6207963267948962 ) 50.0 20.17 892.2551249859488 895.3606235161461 
1 module_L1b_halfmodule_stereo_sensor0 o ( 1.9703374244602827 -8.01291109203301 53.890465336173406 ) u ( 0.09978686215305792 -0.9950074514127364 -0.0016594501431508374 ) v ( -0.9945401731923114 -0.09979090457312514 0.030522438812858516 ) w ( 0.03053565208496256 0.0013953485616206174 0.9995327042944306 ) a ( 3.140196653589794 -0.030540399450088296 1.4707963267948965 ) 15.0 7.2625 53.4205769973159 54.360353675030915 
2 module_L1b_halfmodule_axial_sensor0 o ( 1.4276479703216154 -8.041061072414688 61.50523434042435 ) u ( -2.830851872359652E-16 0.9999990255921583 -0.0013959995465756862 ) v ( 0.999533678247885 -4.262775646471745E-5 -0.030535622330783548 ) w ( 0.03053565208496239 0.0013953485616211834 0.9995327042944305 ) a ( 3.140196653589793 -0.030540399450088115 -1.5707963267948966 ) 15.0 7.2625 61.037061558755596 61.97340712209311 
3 module_L2b_halfmodule_stereo_sensor0 o ( 3.247236609146441 -8.375894585326167 103.87533859203342 ) u ( 0.09978686215305792 -0.9950074514127364 -0.0016594501431508374 ) v ( -0.9945401731923114 -0.09979090457312514 0.030522438812858516 ) w ( 0.03053565208496256 0.0013953485616206174 0.9995327042944306 ) a ( 3.140196653589794 -0.030540399450088296 1.4707963267948965 ) 15.0 7.2625 103.4054502531759 104.34522693089093 
4 module_L2b_halfmodule_axial_sensor0 o ( 2.7045471550077735 -8.404044565707846 111.49010759628439 ) u ( -2.830851872359652E-16 0.9999990255921583 -0.0013959995465756862 ) v ( 0.999533678247885 -4.262775646471745E-5 -0.030535622330783548 ) w ( 0.03053565208496239 0.0013953485616211834 0.9995327042944305 ) a ( 3.140196653589793 -0.030540399450088115 -1.5707963267948966 ) 15.0 7.2625 111.02193481461563 111.95828037795314 
5 module_L3b_halfmodule_stereo_sensor0 o ( 5.783070169808166 -21.701973420432502 204.09193056867176 ) u ( -0.09978686215305756 0.9950074514127363 0.001659450143151022 ) v ( 0.9945401731923115 0.09979090457312481 -0.03052243881285822 ) w ( 0.030535652084962284 0.0013953485616203937 0.9995327042944304 ) a ( 3.140196653589794 -0.030540399450088015 -1.6707963267948964 ) 100.0 23.585 201.00054855575974 207.18331258158378 
6 module_L3b_halfmodule_axial_sensor0 o ( 6.007995783065994 -21.691695282927594 211.4544884685045 ) u ( -2.830851872359652E-16 0.9999990255921581 -0.001395999546575686 ) v ( 0.999533678247885 -4.262775646471745E-5 -0.030535622330783548 ) w ( 0.030535652084962388 0.0013953485616211832 0.9995327042944304 ) a ( 3.140196653589793 -0.030540399450088122 -1.5707963267948968 ) 100.0 23.585 208.36800158612016 214.54097535088886 
7 module_L4b_halfmodule_stereo_sensor0 o ( 8.836635378304418 -23.078826086689105 304.04731787647125 ) u ( -0.09978686215305756 0.9950074514127363 0.001659450143151022 ) v ( 0.9945401731923115 0.09979090457312481 -0.03052243881285822 ) w ( 0.030535652084962284 0.0013953485616203937 0.9995327042944304 ) a ( 3.140196653589794 -0.030540399450088015 -1.6707963267948964 ) 100.0 23.585 300.9559358635592 307.1386998893833 
8 module_L4b_halfmodule_axial_sensor0 o ( 9.061560991562246 -23.068547949184197 311.40987577630403 ) u ( -2.830851872359652E-16 0.9999990255921581 -0.001395999546575686 ) v ( 0.999533678247885 -4.262775646471745E-5 -0.030535622330783548 ) w ( 0.030535652084962388 0.0013953485616211832 0.9995327042944304 ) a ( 3.140196653589793 -0.030540399450088122 -1.5707963267948968 ) 100.0 23.585 308.3233888939197 314.4963626586884 
9 module_L5b_halfmodule_stereo_hole_sensor0 o ( -34.49986481699432 -29.200200000000052 505.5510809417445 ) u ( -0.049955949958258535 0.9987502603949663 0.0015232940474866866 ) v ( 0.99828626119962 0.049979169270678546 -0.030440488483217405 ) w ( 0.030478578770211703 -5.673664091213872E-16 0.9995354202008792 ) a ( -3.1415926535897927 -0.030483299558163965 -1.620796326794897 ) 50.0 20.17 503.9983316766458 507.10383020684316 
10 module_L5b_halfmodule_axial_hole_sensor0 o ( -34.32613600511914 -26.660200000000057 512.9152071587457 ) u ( -2.83183321092954E-16 1.0000000000000002 2.2943291005469156E-16 ) v ( 0.9995354202008792 2.900445488641071E-16 -0.030478578770211706 ) w ( 0.0304785787702117 -2.2069529500108488E-16 0.9995354202008792 ) a ( -3.141592653589793 -0.030483299558163958 -1.5707963267948968 ) 50.0 20.17 511.3912782202351 514.4391360972563 
11 module_L6b_halfmodule_stereo_hole_sensor0 o ( -28.404149062951973 -32.20020000000011 705.4581649819203 ) u ( -0.049955949958258535 0.9987502603949663 0.0015232940474866866 ) v ( 0.99828626119962 0.049979169270678546 -0.030440488483217405 ) w ( 0.030478578770211703 -5.673664091213872E-16 0.9995354202008792 ) a ( -3.1415926535897927 -0.030483299558163965 -1.620796326794897 ) 50.0 20.17 703.9054157168216 707.010914247019 
12 module_L6b_halfmodule_axial_hole_sensor0 o ( -28.230420251076794 -29.660200000000113 712.8222911989216 ) u ( -2.83183321092954E-16 1.0000000000000002 2.2943291005469156E-16 ) v ( 0.9995354202008792 2.900445488641071E-16 -0.030478578770211706 ) w ( 0.0304785787702117 -2.2069529500108488E-16 0.9995354202008792 ) a ( -3.141592653589793 -0.030483299558163958 -1.5707963267948968 ) 50.0 20.17 711.298362260411 714.3462201374322 
13 module_L7b_halfmodule_stereo_hole_sensor0 o ( -22.308433308909656 -35.200200000000166 905.3652490220961 ) u ( -0.049955949958258535 0.9987502603949663 0.0015232940474866866 ) v ( 0.99828626119962 0.049979169270678546 -0.030440488483217405 ) w ( 0.030478578770211703 -5.673664091213872E-16 0.9995354202008792 ) a ( -3.1415926535897927 -0.030483299558163965 -1.620796326794897 ) 50.0 20.17 903.8124997569975 906.9179982871948 
14 module_L7b_halfmodule_axial_hole_sensor0 o ( -22.134704497034477 -32.66020000000017 912.7293752390974 ) u ( -2.83183321092954E-16 1.0000000000000002 2.2943291005469156E-16 ) v ( 0.9995354202008792 2.900445488641071E-16 -0.030478578770211706 ) w ( 0.0304785787702117 -2.2069529500108488E-16 0.9995354202008792 ) a ( -3.141592653589793 -0.030483299558163958 -1.5707963267948968 ) 50.0 20.17 911.2054463005868 914.253304177608 
1 module_L1b_halfmodule_stereo_sensor0 o ( 1.9703374244602827 -8.01291109203301 53.890465336173406 ) u ( 0.09978686215305792 -0.9950074514127364 -0.0016594501431508374 ) v ( -0.9945401731923114 -0.09979090457312514 0.030522438812858516 ) w ( 0.03053565208496256 0.0013953485616206174 0.9995327042944306 ) a ( 3.140196653589794 -0.030540399450088296 1.4707963267948965 ) 15.0 7.2625 53.4205769973159 54.360353675030915 
2 module_L1b_halfmodule_axial_sensor0 o ( 1.4276479703216154 -8.041061072414688 61.50523434042435 ) u ( -2.830851872359652E-16 0.9999990255921583 -0.0013959995465756862 ) v ( 0.999533678247885 -4.262775646471745E-5 -0.030535622330783548 ) w ( 0.03053565208496239 0.0013953485616211834 0.9995327042944305 ) a ( 3.140196653589793 -0.030540399450088115 -1.5707963267948966 ) 15.0 7.2625 61.037061558755596 61.97340712209311 
3 module_L2b_halfmodule_stereo_sensor0 o ( 3.247236609146441 -8.375894585326167 103.87533859203342 ) u ( 0.09978686215305792 -0.9950074514127364 -0.0016594501431508374 ) v ( -0.9945401731923114 -0.09979090457312514 0.030522438812858516 ) w ( 0.03053565208496256 0.0013953485616206174 0.9995327042944306 ) a ( 3.140196653589794 -0.030540399450088296 1.4707963267948965 ) 15.0 7.2625 103.4054502531759 104.34522693089093 
4 module_L2b_halfmodule_axial_sensor0 o ( 2.7045471550077735 -8.404044565707846 111.49010759628439 ) u ( -2.830851872359652E-16 0.9999990255921583 -0.0013959995465756862 ) v ( 0.999533678247885 -4.262775646471745E-5 -0.030535622330783548 ) w ( 0.03053565208496239 0.0013953485616211834 0.9995327042944305 ) a ( 3.140196653589793 -0.030540399450088115 -1.5707963267948966 ) 15.0 7.2625 111.02193481461563 111.95828037795314 
5 module_L3b_halfmodule_stereo_sensor0 o ( 5.783070169808166 -21.701973420432502 204.09193056867176 ) u ( -0.09978686215305756 0.9950074514127363 0.001659450143151022 ) v ( 0.9945401731923115 0.09979090457312481 -0.03052243881285822 ) w ( 0.030535652084962284 0.0013953485616203937 0.9995327042944304 ) a ( 3.140196653589794 -0.030540399450088015 -1.6707963267948964 ) 100.0 23.585 201.00054855575974 207.18331258158378 
6 module_L3b_halfmodule_axial_sensor0 o ( 6.007995783065994 -21.691695282927594 211.4544884685045 ) u ( -2.830851872359652E-16 0.9999990255921581 -0.001395999546575686 ) v ( 0.999533678247885 -4.262775646471745E-5 -0.030535622330783548 ) w ( 0.030535652084962388 0.0013953485616211832 0.9995327042944304 ) a ( 3.140196653589793 -0.030540399450088122 -1.5707963267948968 ) 100.0 23.585 208.36800158612016 214.54097535088886 
7 module_L4b_halfmodule_stereo_sensor0 o ( 8.836635378304418 -23.078826086689105 304.04731787647125 ) u ( -0.09978686215305756 0.9950074514127363 0.001659450143151022 ) v ( 0.9945401731923115 0.09979090457312481 -0.03052243881285822 ) w ( 0.030535652084962284 0.0013953485616203937 0.9995327042944304 ) a ( 3.140196653589794 -0.030540399450088015 -1.6707963267948964 ) 100.0 23.585 300.9559358635592 307.1386998893833 
8 module_L4b_halfmodule_axial_sensor0 o ( 9.061560991562246 -23.068547949184197 311.40987577630403 ) u ( -2.830851872359652E-16 0.9999990255921581 -0.001395999546575686 ) v ( 0.999533678247885 -4.262775646471745E-5 -0.030535622330783548 ) w ( 0.030535652084962388 0.0013953485616211832 0.9995327042944304 ) a ( 3.140196653589793 -0.030540399450088122 -1.5707963267948968 ) 100.0 23.585 308.3233888939197 314.4963626586884 
9 module_L5b_halfmodule_stereo_slot_sensor0 o ( 66.34206428456817 -24.145600000000044 502.47613370391235 ) u ( 0.049955949958257986 -0.9987502603949662 -0.0015232940474866677 ) v ( -0.99828626119962 -0.049979169270678005 0.030440488483217402 ) w ( 0.03047857877021171 -5.644441243195516E-16 0.999535420200879 ) a ( -3.1415926535897927 -0.030483299558163958 1.5207963267948967 ) 50.0 20.17 500.9233844388137 504.028882969011 
10 module_L5b_halfmodule_axial_slot_sensor0 o ( 66.61734589513576 -26.660200000000057 509.8371632973105 ) u ( -2.8311050327164425E-16 -1.0000000000000002 -4.343128671360468E-16 ) v ( -0.9995354202008792 2.697417369189828E-16 0.03047857877021176 ) w ( 0.030478578770211755 -4.427398999261162E-16 0.9995354202008792 ) a ( -3.1415926535897927 -0.030483299558164013 1.5707963267948968 ) 50.0 20.17 508.3132343587999 511.3610922358211 
11 module_L6b_halfmodule_stereo_slot_sensor0 o ( 72.43778003861051 -27.1456000000001 702.3832177440883 ) u ( 0.049955949958257986 -0.9987502603949662 -0.0015232940474866677 ) v ( -0.99828626119962 -0.049979169270678005 0.030440488483217402 ) w ( 0.03047857877021171 -5.644441243195516E-16 0.999535420200879 ) a ( -3.1415926535897927 -0.030483299558163958 1.5207963267948967 ) 50.0 20.17 700.8304684789896 703.9359670091869 
12 module_L6b_halfmodule_axial_slot_sensor0 o ( 72.7130616491781 -29.660200000000113 709.7442473374864 ) u ( -2.8311050327164425E-16 -1.0000000000000002 -4.343128671360468E-16 ) v ( -0.9995354202008792 2.697417369189828E-16 0.03047857877021176 ) w ( 0.030478578770211755 -4.427398999261162E-16 0.9995354202008792 ) a ( -3.1415926535897927 -0.030483299558164013 1.5707963267948968 ) 50.0 20.17 708.2203183989758 711.268176275997 
13 module_L7b_halfmodule_stereo_slot_sensor0 o ( 78.53349579265283 -30.145600000000158 902.2903017842641 ) u ( 0.049955949958257986 -0.9987502603949662 -0.0015232940474866677 ) v ( -0.99828626119962 -0.049979169270678005 0.030440488483217402 ) w ( 0.03047857877021171 -5.644441243195516E-16 0.999535420200879 ) a ( -3.1415926535897927 -0.030483299558163958 1.5207963267948967 ) 50.0 20.17 900.7375525191654 903.8430510493628 
14 module_L7b_halfmodule_axial_slot_sensor0 o ( 78.80877740322042 -32.66020000000017 909.6513313776622 ) u ( -2.8311050327164425E-16 -1.0000000000000002 -4.343128671360468E-16 ) v ( -0.9995354202008792 2.697417369189828E-16 0.03047857877021176 ) w ( 0.030478578770211755 -4.427398999261162E-16 0.9995354202008792 ) a ( -3.1415926535897927 -0.030483299558164013 1.5707963267948968 ) 50.0 20.17 908.1274024391516 911.1752603161729 
